# Created by Octave 8.4.0, Sun Apr 05 23:26:38 2026 CEST <samuele@samuele-MacBookPro>
# name: traj_eval
# type: scalar struct
# ndims: 2
 1 1
# length: 9
# name: rot_trace_err
# type: matrix
# rows: 120
# columns: 1
 1.583611020095077e-11
 7.4560357887776263e-12
 1.0624723323360286e-11
 1.0942580175310468e-11
 1.4659384817150567e-11
 1.668565285939394e-11
 1.6036283412290686e-11
 1.6518453271885392e-11
 2.4818147537075674e-11
 1.7437162824762709e-11
 2.4384938512866938e-11
 1.9704349263349741e-11
 3.072953003169232e-11
 2.5842328277292381e-11
 3.0317304222649e-11
 3.7738034919243546e-11
 6.5068395116441025e-11
 2.9514612975845012e-11
 3.3825720002766957e-11
 2.0628831975955109e-11
 1.8179124872119701e-11
 2.9706237469895314e-12
 3.7343461656291765e-12
 2.7701174687422281e-12
 8.2238660326083846e-12
 1.2028711360301259e-11
 1.0069500788745245e-11
 8.3565376840510908e-12
 1.0159206809134957e-11
 1.0253575766228096e-11
 1.3574585899789327e-11
 1.2859713294233188e-11
 1.2715273278729455e-11
 1.5487056082008621e-11
 1.6628143306718357e-11
 1.608102540018308e-11
 1.475086719437968e-11
 1.7423618103862282e-11
 2.1651236359332415e-11
 2.3183677200222519e-11
 2.0490831253994202e-11
 2.6738056213559958e-11
 2.537448029471534e-11
 3.1492919383424578e-11
 2.4874990955936482e-11
 3.1838531810990389e-11
 2.8774094218420032e-11
 4.0315417670910847e-11
 4.9664827805884215e-11
 4.4260706211218803e-11
 1.8530876833011689e-10
 2.286903999504375e-11
 3.7162384280975402e-11
 2.8036573063161541e-11
 7.8170803163857272e-12
 6.6300298584565098e-12
 4.5190429176500402e-10
 3.8982128636178004e-10
 3.2909164282557413e-10
 3.6466440977989123e-10
 3.4709413121447596e-10
 3.9934699991306388e-10
 4.5564174655510215e-10
 5.789956292190368e-10
 5.0576010046654574e-10
 5.1111936905101629e-10
 5.653223444923583e-10
 5.285263338095092e-10
 7.0350658631923579e-10
 5.7687443710818798e-10
 1.7363490645294632e-09
 1.0046735665625306e-09
 1.930990630727436e-07
 2.5332213993145558e-07
 1.6091639343240871e-07
 6.4731219495683945e-08
 3.0348735857721465e-08
 5.6177511531529944e-09
 9.6480349265348764e-09
 1.0324583854526281e-08
 9.4809462503064879e-09
 9.492793218157658e-09
 6.2144372980910134e-09
 3.6530211078300567e-09
 6.8738995162576089e-08
 2.1661612503720562e-09
 1.1640480801489161e-09
 9.0955187825869643e-10
 2.8855005052008664e-09
 5.1598136874275724e-10
 5.8787819057215529e-10
 1.0080641876797358e-09
 7.8011830328961196e-10
 9.232421493976517e-10
 1.146312933464344e-09
 1.3186450820157347e-09
 1.4497715250527676e-09
 1.6582816231291986e-09
 1.8837023052498125e-09
 1.9976239551411368e-09
 2.2222610418509703e-09
 2.3874460186590341e-09
 2.5058191077675929e-09
 2.7677654612645597e-09
 3.5410576693095663e-09
 3.1610047912522532e-09
 3.4960232486724863e-09
 4.3596196652728736e-09
 3.4186503627964271e-09
 5.0977829735288083e-09
 4.3694867724042297e-09
 1.9265004036483901e-09
 2.343020111261751e-09
 1.2451673025992704e-09
 7.1328076778343075e-10
 5.6123239389194168e-10
 6.6099370421568437e-10
 7.7022088706968361e-10
 9.0034213418022091e-10
 1.1115127707128636e-09


# name: scale_ratio
# type: matrix
# rows: 120
# columns: 1
 4.9893726362847142
 4.9893360038125545
 4.9893526230173864
 4.9893445084882746
 4.9894309741649403
 4.9891732837962675
 4.9893709034927314
 4.9894224696445342
 4.9891244247174784
 4.9893685303186945
 4.9894422819559345
 4.9893035199613669
 4.9891030076879082
 4.9893372456118854
 4.9893022637753868
 4.9893326847199067
 4.9894447308110426
 4.9894713205345882
 4.9895697513599924
 4.9894847091129684
 4.989555927349107
 4.9894962342146538
 4.9895906785562509
 4.9894888418604131
 4.9895247626971226
 4.9892945009585672
 4.9895714313133315
 4.9895309468554503
 4.9893447271609555
 4.9895662318979523
 4.9893449799416771
 4.9892369555322871
 4.9895374478092087
 4.9892995931748922
 4.9895856362681101
 4.9893034211592298
 4.9896118320107874
 4.989308416059326
 4.9895857076085992
 4.9893207659855658
 4.989353888596197
 4.9893569699057911
 4.9895526229058937
 4.9895472704560495
 4.9892282175502309
 4.9895761522374373
 4.9895401352201842
 4.9893132814822332
 4.9896089946190685
 4.9893808181567252
 4.9894904567340257
 4.9893569072236312
 4.9892651460976047
 4.9904109243356176
 4.989954742670192
 4.9901498337365444
 4.9877988177089785
 4.9877269417197079
 4.9876493563165312
 4.9874134085597648
 4.9876642313325634
 4.9876063985193531
 4.9879590559082514
 4.9874640714189598
 4.9877695974247604
 4.98757379778759
 4.9877147625803939
 4.9874265727086886
 4.9872835547232439
 4.987681457652851
 4.9877131001036741
 4.9879112670734225
 5.0001366216374956
 4.9942119746074471
 4.999928290786892
 4.9888494876283573
 5.0204545312768909
 5.0263971704335022
 5.0251873524933668
 5.0242969700421574
 5.0285413528306862
 5.0353710992523544
 5.0432865611989062
 5.0551883616013686
 5.0751934557988596
 5.0831550191345549
 5.0845898117683515
 5.0854516023592282
 5.0867819182466354
 5.0846935913483415
 5.0843480622407347
 5.0834775329818633
 5.0833292428023338
 5.0840274412814264
 5.0837576217015146
 5.083916203992759
 5.083722857240474
 5.0837297299209245
 5.0838210659319154
 5.083579456090404
 5.0836766907684341
 5.083905860577361
 5.0837198583469831
 5.0837865108856608
 5.0845889707830274
 5.0838826047133274
 5.0839181493186816
 5.0841064033812664
 5.0838197531014186
 5.0838486292690774
 5.0839984858653207
 5.0840197053062424
 5.0836174290945095
 5.0818191508115911
 5.082137397658073
 5.0826016747898315
 5.0824147199333893
 5.0823765632864113
 5.0826409019491168
 5.0823766227074376


# name: valid_pair
# type: bool matrix
# rows: 120
# columns: 1
 1
 1
 1
 1
 1
 1
 1
 1
 1
 1
 1
 1
 1
 1
 1
 1
 1
 1
 1
 1
 1
 1
 1
 1
 1
 1
 1
 1
 1
 1
 1
 1
 1
 1
 1
 1
 1
 1
 1
 1
 1
 1
 1
 1
 1
 1
 1
 1
 1
 1
 1
 1
 1
 1
 1
 1
 1
 1
 1
 1
 1
 1
 1
 1
 1
 1
 1
 1
 1
 1
 1
 1
 1
 1
 1
 1
 1
 1
 1
 1
 1
 1
 1
 1
 1
 1
 1
 1
 1
 1
 1
 1
 1
 1
 1
 1
 1
 1
 1
 1
 1
 1
 1
 1
 1
 1
 1
 1
 1
 1
 1
 1
 1
 1
 1
 1
 1
 1
 1
 1


# name: valid_scale
# type: bool matrix
# rows: 120
# columns: 1
 1
 1
 1
 1
 1
 1
 1
 1
 1
 1
 1
 1
 1
 1
 1
 1
 1
 1
 1
 1
 1
 1
 1
 1
 1
 1
 1
 1
 1
 1
 1
 1
 1
 1
 1
 1
 1
 1
 1
 1
 1
 1
 1
 1
 1
 1
 1
 1
 1
 1
 1
 1
 1
 1
 1
 1
 1
 1
 1
 1
 1
 1
 1
 1
 1
 1
 1
 1
 1
 1
 1
 1
 1
 1
 1
 1
 1
 1
 1
 1
 1
 1
 1
 1
 1
 1
 1
 1
 1
 1
 1
 1
 1
 1
 1
 1
 1
 1
 1
 1
 1
 1
 1
 1
 1
 1
 1
 1
 1
 1
 1
 1
 1
 1
 1
 1
 1
 1
 1
 1


# name: mean_rot_trace_err
# type: scalar
7.5360199645417105e-09


# name: median_rot_trace_err
# type: scalar
3.9458414313742196e-10


# name: mean_scale_ratio
# type: scalar
5.0204859177860444


# name: median_scale_ratio
# type: scalar
4.9895542751275004


# name: std_scale_ratio
# type: scalar
0.042870199959970628




# name: map_eval
# type: scalar struct
# ndims: 2
 1 1
# length: 7
# name: num_matches
# type: scalar
410


# name: rmse
# type: scalar
0.11267415266663708


# name: mean_err
# type: scalar
0.083130723361788533


# name: median_err
# type: scalar
0.063149496385824039


