# Created by Octave 8.4.0, Sun Apr 05 21:28:54 2026 CEST <samuele@samuele-MacBookPro>
# name: Pw_est
# type: matrix
# rows: 115
# columns: 3
 2.7994834986142747 -2.9189183131747383 0.75141774738169109
 1.588602537725345 -0.9484866442792057 0.74955009390588456
 4.9560574112158555 6.6647719578365914 1.7015044922147393
 3.0226568140532142 0.21372427219925316 1.8858795043731518
 4.7481970560541038 -4.7911468343847758 0.59864178473693841
 2.368938415774235 2.8538541895456575 0.074058504397151712
 3.0660122227865254 -3.7352878131225351 1.5400083618184297
 4.0179374307650297 0.36297843667706325 1.330339457825344
 2.8154443797837279 1.9456867931589161 1.1096465736492656
 3.235843229905083 3.9957582400942728 0.68954157898140467
 5.0499767470067329 -4.0416739409991429 1.2375802994628218
 4.5877261611867972 -5.494993617872618 0.94326138463644316
 2.90267764867514 -1.1332159446539962 0.92391253564000675
 4.7355127016527341 -3.1212140561868336 0.56031107794614021
 5.1455574265584225 5.5500128046160349 1.9720456414390592
 3.3660370740867549 0.57760523475417092 0.75051143658995745
 4.7058903040783404 -6.3190104299284178 0.66677226966644476
 4.4369325631688126 -2.9902413784864486 1.4882877866179793
 3.5064052490363653 4.4795087452856484 0.14242949728496895
 3.8349227678732438 5.3761093568309199 0.10730997058610671
 1.9390204083844735 0.89769245180227608 1.3006613549885917
 2.4740990146463071 2.0682930195173443 0.59566245434675502
 5.0580665071979478 1.22105011892476 1.5900165722916173
 2.511893343049767 -2.4673429580073183 0.52139391868070539
 5.1956126118701214 2.1871906942334451 1.3399890408427557
 4.8524308443364941 6.9225610259762966 1.6098194155031791
 2.0405686056813259 1.7577851549895542 0.81874361652243388
 4.5725394309352767 4.2284621986770201 1.5430505128626903
 2.2993797843598647 2.1485399355306338 1.8050786166597392
 4.9213093464435609 -5.5165082136454435 1.9564603171922303
 4.3445487054574103 6.3198474082822251 0.062851005236596147
 3.0015929356017708 3.3512661797408159 1.5628982251325598
 1.504052017437074 1.1251949066678848 0.66917283295513719
 4.8615987937934548 5.4081801895667994 1.6804013220169347
 1.1694674469299577 0.52124421003715027 0.929561347211597
 2.5893262729761952 1.2807857135490637 0.82605547204617447
 5.0004104082009384 3.3982639514447173 0.069361736543332456
 3.0149838605373795 0.44234878772432312 0.61233331730293383
 3.2866041128459149 -2.1033664048634741 0.069910615389117969
 3.2888487766562693 0.39722413582062088 1.6030100036654522
 4.5518690405422753 -1.8063394737815175 0.74861934062313706
 3.5183594053444747 0.31638538267570165 0.17139649565953591
 3.9716061320352001 -2.1887720540968432 1.3484051553051777
 4.483922535345612 -0.63042530349866188 1.12055597944053
 2.4720340184650627 -0.99886111094395535 1.6900277196584756
 1.4153078564403925 -0.80450126412331924 0.56470455838525946
 4.4956863789625263 6.9465831120000123 1.8295804421984256
 3.1965847208269658 -0.4871810696471191 1.9906637949329367
 3.4993758924407383 3.0141078588745449 0.52793867473834366
 4.8507294213451235 -1.4589081696194073 1.3923765174893978
 3.265784797889991 -0.70376594528784331 1.3104707790370127
 4.5572158928576085 2.022255852869514 0.58227158734820739
 3.7951629498240762 -3.4019227088196851 0.58317673269843862
 4.4646561180328739 4.079357447707797 0.2963137386316731
 3.93209204108559 1.405172778719568 1.0875748229072639
 2.1592437405108158 1.1437969362580793 1.8580588701999574
 4.0629484749332168 -6.4441482188355002 1.0001879679231054
 4.8496448285852285 2.4818245598438917 1.7196465518114472
 2.5283742713965838 -1.1706550588561264 0.28719114702942744
 5.0284538719240572 7.8227632169644767 0.26945430900344786
 4.4973257849229542 -6.0995773368115271 1.514923223519691
 4.49041182179222 -5.0312952476155042 1.7277941500756477
 3.3149410034545341 -0.078965459640604474 0.5173914403936527
 4.5634386154897744 6.194966409036347 1.8470398760195199
 4.1491942545823823 -5.492362936150589 1.3101490229772255
 3.2867496528330951 -2.289528046383932 1.9936800563688002
 4.1212810180521897 -5.4546094528597227 1.5079335629047554
 2.7140569155987522 -0.89169657444877726 1.4665735892997598
 5.1986417268339364 -6.8297272270700988 0.3926758608040718
 4.8840296365342359 7.1333049588852386 1.6035307164961528
 2.1945676337977575 -0.1074504698813443 1.8033086220973491
 3.2227308990780208 -2.4609073696954993 0.9649025442076643
 4.9719475371202018 -7.2126148212288399 1.4081135056033112
 2.802170200102303 -0.22301063907625268 1.4259162593785133
 4.0730907559483498 3.4590788840052453 0.009247628220847192
 4.9239449327375775 -0.32870843867431226 0.18840561697461303
 3.5738914179149188 4.1464257817437193 1.3966052391512056
 4.2276890834236918 -2.3009947441055432 1.3449824695324442
 2.785265554917677 -3.941424192254265 0.38455681476227316
 2.5256448072047113 2.0413084868307565 0.36204056290796582
 2.2594421359914829 2.3211854474533156 0.33922678859124122
 3.1328729263993451 -3.1201047596134552 0.59028699752973068
 2.3700469338689349 0.48430707766788933 1.0547871007177674
 4.8128713079797052 -7.0658937844161045 0.052609256739469909
 4.5867258149815999 -0.94022062378412308 0.74720681650858589
 4.6989872755207678 -2.1373664738899802 0.85903761076627461
 4.0845802957022856 -1.9541374793830482 0.55607991260929479
 4.7618019620625134 4.757704950336751 1.3686203127069836
 4.4282482333925808 -5.0723479724304328 0.29488908253832058
 4.5194222236228097 -6.4969387319289931 0.5463135616271928
 4.8229028965098779 -0.71110745615155868 0.32097855160201538
 2.2183758412770258 -0.51765927729819672 0.81999760037337321
 4.6462175346545873 -6.328448128830793 1.2979075925990604
 4.3718419251118714 2.4841219677351307 0.65238834443865135
 3.0062148141414728 -1.3300974993131438 1.7927670758111414
 2.7575403544035062 -3.1745750448048864 0.63560729652210901
 4.6068331261880529 1.339673916634099 1.9847909388583729
 4.9046454753923614 3.0208794525297908 0.17246954476842885
 3.0333137986764989 0.24197887744609553 0.50699091147658715
 4.2721111571278279 6.5525286135854959 0.91715587089196848
 2.1743720084975231 2.6206880290866703 0.1427606488047711
 3.5587416000844443 -1.6539929874264503 0.81238762590784452
 4.2655492057391768 -2.7919271866786755 1.8425496254001266
 4.2749446428799915 1.9817552416341073 1.3091945044327025
 3.5233232474028591 -4.151163141364326 0.89842317667050364
 3.404642300654293 3.0103206130363671 1.7510982461092581
 3.1356400560382394 2.772745961147919 0.98787182016020059
 3.0166016338607817 -4.4592279119660674 0.24543820710037362
 1.6077740301303924 0.67790577984675138 0.95761480934133725
 3.9210205709976691 1.2874973916901398 0.83683131237609543
 4.7439150200475106 1.3655707503981289 0.69242072920922948
 3.4364743693298538 0.32111245726990068 0.8187380119529919
 3.315709505622547 -0.35405481929145582 0.72268570242962138
 1.8592201673810282 1.9352784137530334 1.7034373827083589
 2.8005669507638493 1.6403364149178299 0.045426285312408922


