# Created by Octave 8.4.0, Sun Apr 05 21:30:47 2026 CEST <samuele@samuele-MacBookPro>
# name: E
# type: matrix
# rows: 3
# columns: 3
 -2.2357801763031052e-06 0.70710678082317846 7.6817037167121235e-06
 -0.70710678079381695 -2.235780693735815e-06 -2.1957173622272477e-05
 -8.0068228573629184e-06 2.1111439580064364e-05 -1.9280985531351128e-11


# name: R_est
# type: matrix
# rows: 3
# columns: 3
 0.99999999999428613 3.1618576564055919e-06 1.1960127505921171e-06
 -3.1618571069186434e-06 0.99999999999489575 -4.5969349789298177e-07
 -1.196014204071419e-06 4.59689715935868e-07 0.99999999999917932


# name: t_est
# type: matrix
# rows: 3
# columns: 1
 2.9856119978170435e-05
 1.1323263075728438e-05
 -0.99999999949019802


# name: Pw_init
# type: matrix
# rows: 115
# columns: 3
 14.564347605942615 -3.7492869969840545 12.970479865599621
 4.732500550814037 -3.7399080735705983 6.9284760451132419
 -33.250581541002298 -8.4888634210673661 23.728003201918607
 -1.0663463500220436 -9.4092524073254662 14.083133566152563
 23.906752506820176 -2.9870544088328006 22.694483366159666
 -14.238279603356107 -0.369513429832593 10.821139052304654
 18.637743505941962 -7.6840657379102408 14.300364717294167
 -1.810972370191076 -6.6372770632004556 19.048313296176257
 -9.7072231529669839 -5.5361461449010854 13.048715561298586
 -19.93520854042001 -3.4402174011872257 15.146107387358402
 20.167214034440214 -6.1752736593819142 24.200488599064936
 27.41866859411731 -4.7066034614599861 21.893670711116219
 5.6543972509247045 -4.6100443688890405 13.485533488387821
 15.574402840815406 -2.79585069866005 22.631541759708814
 -27.689030187085574 -9.8385802432126628 24.673411422496422
 -2.8815938241835064 -3.7441819169064061 15.794881551272297
 31.530343110682249 -3.3269864355834073 22.483306021445184
 14.920628730842749 -7.4262048183475953 21.141327585612647
 -22.34857761410203 -0.71062701948668461 16.495884339344762
 -26.821674221022441 -0.53541812462081773 18.134809203861785
 -4.4787871982006369 -6.4892851013982931 8.6763561990078752
 -10.318935791062259 -2.9718383632970657 11.345728212860758
 -6.0917485035546699 -7.9324885639381044 24.236589589498799
 12.311119369777103 -2.6015481114099654 11.535481470528797
 -10.91156165249101 -6.685006864223018 24.922356851085173
 -34.536708711440966 -8.0314522790030534 23.211019852195371
 -8.7698685891946671 -4.0848525125774113 9.182892711744973
 -21.09587041661409 -7.6983336999197141 21.814683600365722
 -10.719500450194564 -9.0059167967450957 10.474237419501382
 27.526116093791344 -9.7622517021597712 23.558244991326227
 -31.529814242896709 -0.31361510406150306 20.677216464571369
 -16.719911414514147 -7.7975302871397867 13.977526314036082
 -5.6138121506879681 -3.3386359742966683 6.5061669539020377
 -26.981474014034159 -8.3835799159663509 23.25678003994409
 -2.6006357275397312 -4.6378361023280119 4.8369410669286914
 -6.3899097836964405 -4.1212388064707639 11.920481647921916
 -16.95352133220829 -0.34606355521973398 23.948658492680924
 -2.2068107833751092 -3.0548180507304505 14.04346661591172
 10.495305033762758 -0.34882388714652723 15.401429920335664
 -1.9818569091304918 -7.9978022898023342 15.4110137282353
 9.0135920043673305 -3.735588657462356 21.715721598577055
 -1.5779443792888161 -0.85481664254783596 16.549990084663083
 10.921433681970679 -6.7282033991459818 18.819381155873021
 3.1456926388474891 -5.5913732516613583 21.375977738039861
 4.9838237236788476 -8.4324131644564755 11.336337176449865
 4.0140829396998043 -2.8176179768010097 6.063820181587813
 -34.656720042338357 -9.1278859710104214 21.431321393699186
 2.4307620271901902 -9.9323346742787475 14.951332830234087
 -15.037498166969474 -2.6339280682183408 16.46071528167224
 7.2797823903810626 -6.9478029983150469 23.206609151643384
 3.5114951465541595 -6.5387184733725867 15.297012944614094
 -10.088600056504941 -2.9048377695488337 21.737219800806301
 16.974666567721776 -2.9098711682968821 17.938878854553796
 -20.351832774322187 -1.4783344271804408 21.276286486782318
 -7.0102918546077104 -5.4258206088469656 18.619100016726822
 -5.7066864377130084 -9.270318774681467 9.775154586201273
 32.154511381774022 -4.9906136898136708 19.275036689645429
 -12.381737871250236 -8.579267196369063 23.196927268662627
 5.8413027422485229 -1.4330171342725275 11.618057891782071
 -39.027527635368905 -1.3443602352728754 24.089010725393248
 30.435349503932855 -7.5590405947485904 21.44256253978304
 25.104873562666434 -8.6212158002216555 21.408046252645509
 0.3939758378033289 -2.5815117613214831 15.541902591294756
 -30.906898137496018 -9.2149902997766784 21.769352456846914
 27.405370405172267 -6.5372426025851915 19.705379721225921
 11.423886300489297 -9.9477071694444756 15.401717380112903
 27.21697627443082 -7.5241291291592889 19.566089066243023
 4.4491503710987805 -7.3175323870422817 12.543989475933341
 34.078901112395286 -1.9593174720278566 24.942167736726294
 -35.588087542039972 -8.0000741851736823 23.368650399026908
 0.53610394963492625 -8.9973840809730117 9.9516466843018669
 12.279158593667734 -4.8145512933838752 15.082477889108707
 35.989378262857841 -7.026126760342521 23.810973065771876
 1.112680175056995 -7.1144824462681662 12.983293714847679
 -17.257306914535441 -0.046164748918177345 19.322807723818141
 1.6410287876631202 -0.94060091170984939 23.583687201680878
 -20.686880695312922 -6.9678154147917146 16.832646553481652
 11.481466282797898 -6.7111641688885264 20.097291947361221
 19.666243993330404 -1.9187693093918647 12.899514006826477
 -10.184269896198884 -1.8062683452802335 11.602852209480963
 -11.580713553968316 -1.6924680399338787 10.274842563317588
 15.568291541328346 -2.9453183096609341 14.634063361781024
 -2.4162986086795106 -5.262508661632415 10.826733565789933
 35.257131484033565 -0.2624525365633722 23.017131773389721
 4.6918447644556842 -3.7286871303724776 21.890457502840963
 10.665317153663194 -4.2865330988488317 22.449642949280982
 9.7509385305239231 -2.7747718081009038 19.383639068093164
 -23.736202708553279 -6.8280832483812999 22.758850545222892
 25.30972099592876 -1.4713834780672512 21.097877044167056
 32.41808268904586 -2.7259180691247469 21.552822810490404
 3.54904238362414 -1.6019676721202454 23.07230724675912
 2.5828787430683153 -4.0914283938740637 10.07079466027079
 31.577423046572374 -6.4761987822590479 22.185542050869227
 -12.393018025369187 -3.2547101012038961 20.812877887957875
 6.6366146839282987 -8.9451412561043231 14.001809807817178
 15.839962442851622 -3.1714279486115147 12.761183255209831
 -6.6837320223307497 -9.9022612205631138 21.98600461515408
 -15.070728008534569 -0.86044797894037472 23.470793680551918
 -1.207197951683334 -2.5292687335247011 14.134831443707554
 -32.690759350244832 -4.5757677039930496 20.315887442490247
 -13.075016992251124 -0.71227790263511082 9.850447569138634
 8.2530959712653633 -4.0536505106012148 16.759450702650302
 13.930971202688305 -9.1938179012219141 20.285996473503292
 -9.8868789616359862 -6.5315122294381078 20.329702685176084
 20.712988781820812 -4.4828199343858639 16.582325534323719
 -15.018818916433247 -8.7364402678756914 15.988320108947882
 -13.833465939657991 -4.9285952156558714 14.646164656579627
 22.249959827167668 -1.2246177126512947 14.053838368726604
 -3.3822216446598574 -4.7777448072534865 7.0236887169279925
 -6.4231025097278183 -4.1748060605310719 18.563528660221831
 -6.8123068660298509 -3.4542200529227323 22.667842476471407
 -1.6020444681081645 -4.0846789715755092 16.146772970386966
 1.7666158184707152 -3.605998454855039 15.546483416162612
 -9.6555545643859571 -8.4988590379034434 8.2782413811282289
 -8.1836252481056366 -0.22664637281359998 12.974208364976299


# name: matches
# type: scalar struct
# ndims: 2
 1 1
# length: 3
