# Created by Octave 8.4.0, Sun Apr 05 21:46:58 2026 CEST <samuele@samuele-MacBookPro>
# name: T_est_all
# type: matrix
# ndims: 3
 4 4 121
 1
 0
 0
 0
 0
 1
 0
 0
 0
 0
 1
 0
 0
 0
 0
 1
 0.99999999999428613
 -3.1618571069186434e-06
 -1.196014204071419e-06
 0
 3.1618576564055919e-06
 0.99999999999489575
 4.59689715935868e-07
 0
 1.1960127505921171e-06
 -4.5969349789298177e-07
 0.99999999999917932
 0
 2.9856119978170435e-05
 1.1323263075728438e-05
 -0.99999999949019802
 1
 0.99999999997773625
 -5.761417256884888e-06
 -3.366589073985758e-06
 0
 5.7614152084062138e-06
 0.99999999998321776
 -6.0845863191070171e-07
 0
 3.3665925796622192e-06
 6.0843923526413896e-07
 0.99999999999414824
 0
 4.692641164274782e-05
 -1.7287882850439623e-06
 -1.9999746776448462
 1
 0.79321483774330082
 -0.49159298607205876
 -0.35936966653938096
 0
 0.60894182650702622
 0.64009266782638397
 0.46847756459108003
 0
 -0.00027039629402447702
 -0.590438576517202
 0.80708253248734418
 0
 9.7145335858451052
 26.807670250674892
 -16.465072202431447
 1
 0.85324421037200204
 -0.2303530304534665
 -0.46788011159651022
 0
 0.46825600041865295
 0.73335652049790767
 0.49287374845403154
 0
 0.22958796906324391
 -0.63962934204436395
 0.73359639397785281
 0
 -1.8183190055958354
 35.808130204794594
 -20.334818902883264
 1
 0.10809429827532518
 -0.63780336719331898
 -0.76257621748729465
 0
 0.99410340566425459
 0.062707305833012178
 0.088465884056495858
 0
 -0.0086047386420098401
 -0.76764227254107809
 0.64082080169176303
 0
 10.257417253148434
 26.804579570131704
 -22.184505720489167
 1
 0.53365554199924059
 -0.58710799271758851
 -0.60870022784669686
 0
 0.84257827119331741
 0.43091393312668003
 0.32307126017362731
 0
 0.072619690211246077
 -0.68528635410638317
 0.72464404604550758
 0
 4.2298350330476167
 30.613055119569751
 -25.399500920230317
 1
 0.88332641182834593
 -0.29162855945902988
 -0.3669975932813595
 0
 0.46177455045881377
 0.67599765236984233
 0.57427470651163248
 0
 0.080614606089836865
 -0.67674216456366321
 0.73179322761738352
 0
 0.42048495336578717
 35.038610388135574
 -23.76602394859653
 1
 0.94189454232720915
 -0.28467810595955512
 0.17830604903226871
 0
 0.12483594797536104
 0.78945516934739868
 0.60097963499919349
 0
 -0.31185037634627039
 -0.54380043359485364
 0.77912157664560866
 0
 11.867836141290274
 29.467135520083403
 -18.994205646077379
 1
 0.9124550080273095
 -0.39898420261800138
 0.090760478112227816
 0
 0.39489076810155044
 0.91676128295212822
 0.060083536415016139
 0
 -0.1071780742225293
 -0.018983048786870651
 0.99405860202741869
 0
 10.161302484512802
 18.181959963527941
 -27.536913331633645
 1
 0.45053592258122432
 0.68203467555278441
 0.57606083342603076
 0
 -0.34209445417548628
 0.72789777160245994
 -0.59425265545771866
 0
 -0.82461431401974949
 0.070664951990232039
 0.56126437413571628
 0
 9.7939681327365982
 15.625080188596177
 -25.329105370373536
 1
 0.5756116557251858
 -0.79314927882919184
 -0.19896090893952739
 0
 -0.77696329618553184
 -0.60634350126653602
 0.16933869862601347
 0
 -0.25494952083466249
 0.057111994927256521
 -0.96526626474854371
 0
 -9.6653944408560637
 -14.22293379645963
 28.192368727926219
 1
 0.7597837633771285
 -0.62439675871478917
 -0.18126588375906194
 0
 0.62611193005849086
 0.77780013290285654
 -0.05487079637411986
 0
 0.17524977588265198
 -0.071802792165515494
 0.98190217185334494
 0
 8.3962452723053307
 17.19523526729829
 -26.723691229924437
 1
 0.5714909602677315
 -0.80080054793751032
 -0.17921095043342025
 0
 -0.79500824105955614
 -0.59442127180418014
 0.12093489270715753
 0
 -0.20337152942252548
 0.073360984519596231
 -0.97634941848226575
 0
 -11.401137316777943
 -13.313329897478036
 25.656071476916679
 1
 0.53854112337056348
 -0.83221471472309883
 -0.13187921381750381
 0
 -0.83697046590201563
 -0.5464116064536706
 0.030245587124108731
 0
 -0.097231155739992081
 0.094090514564807923
 -0.9908042578745786
 0
 -14.620468939591472
 -12.501605790851842
 23.384017730425803
 1
 0.30843599611198558
 -0.86538495606606836
 -0.39493811428746134
 0
 -0.90697105557162971
 -0.39272565818586558
 0.15221715329673549
 0
 -0.28682876539442553
 0.31124818909835872
 -0.90600983666034351
 0
 -13.179457654716705
 -12.99702742236539
 18.915860261905497
 1
 0.24903902497257599
 -0.87995705051501083
 -0.40454314144431036
 0
 -0.94476886908855429
 -0.31261768875502244
 0.098396974946396626
 0
 -0.21305245373344697
 0.35769507953897051
 -0.90921003185829774
 0
 -15.326540136502057
 -12.38730479986822
 18.298704956840144
 1
 0.20950322168129956
 -0.84782657599684619
 -0.48713293579742678
 0
 -0.9282530561340484
 -0.32903322045067629
 0.17344567915533476
 0
 -0.30733477493273531
 0.41584520782776907
 -0.85593112996532894
 0
 -7.9702600226298834
 -16.156562906998499
 28.170981534095738
 1
 -0.025933484363418725
 -0.88562008542890092
 -0.46368579736032367
 0
 -0.97725089554872602
 -0.075209388746366151
 0.19830339128116309
 0
 -0.21049499171710642
 0.45828005862060411
 -0.86352258009429639
 0
 -7.6265276793883219
 -13.40548367856435
 29.03320550330946
 1
 0.58981173457714386
 -0.79473970590644416
 -0.14321633150880259
 0
 0.80747601525845192
 0.57816939662005784
 0.11705824872400379
 0
 -0.010227538190255587
 -0.18468608141312878
 0.9827443455929068
 0
 11.090786539419874
 14.619192618715154
 -22.169894635988406
 1
 0.90986059114186646
 0.33340841130519022
 0.24696666973080017
 0
 0.36677814654567276
 -0.92458172474644196
 -0.10306515163436809
 0
 0.19397808098724501
 0.18435689717459217
 -0.96352739377801944
 0
 0.35921934485771634
 -20.176048008870794
 35.167168399928649
 1
 0.982957276124104
 -0.13250822424643124
 -0.12742277591443282
 0
 0.13867798721428115
 0.98949698789931928
 0.040793710304056222
 0
 0.12067895084428729
 -0.05776920845254107
 0.99100923778635341
 0
 -1.5156980816948074
 16.798866896279218
 -26.864729734860912
 1
 0.95031432619294254
 -0.010810355632317631
 -0.31110419097716563
 0
 0.043358095287322894
 0.99425178271601911
 0.097895189560435483
 0
 0.30825761467563018
 -0.10652008626132957
 0.94532042938750127
 0
 -5.0317936576621136
 21.073326021038433
 -20.862104508350466
 1
 0.42791078067479255
 -0.65093700846097535
 -0.62703538560289063
 0
 0.82095700656970472
 0.57011507746639434
 -0.031597338647386015
 0
 0.37805020453162019
 -0.50124825132998108
 0.77834968580467534
 0
 2.1190530698554513
 22.274059563557042
 -23.055499356335787
 1
 0.43461808642375505
 -0.55004853724392577
 -0.71312952934875051
 0
 0.780437539688009
 0.62519905225304062
 -0.00658723823973163
 0
 0.4494712066407377
 -0.55369012248523675
 0.70100134283979942
 0
 -0.83104307523689513
 22.612520764472276
 -20.276171617593672
 1
 0.66226750480165764
 -0.39998003153286332
 -0.63357535183966562
 0
 0.51097869863355161
 0.85955113976350916
 -0.0085210136729607991
 0
 0.54799865111745349
 -0.31810031830575464
 0.77363406457266926
 0
 -6.3277315219328329
 18.332225982097697
 -21.873751071741438
 1
 0.75561216701460487
 -0.21560751476591536
 -0.61851730180808917
 0
 0.28396670900480109
 0.95875003291815108
 0.012699706942617949
 0
 0.59026533121679781
 -0.18523437574033438
 0.78566854640338846
 0
 -11.059201235041536
 14.196270180783726
 -20.484063358150873
 1
 0.57493039335376606
 -0.40968246886814913
 -0.70824806212243263
 0
 0.27761439854595799
 0.91194059614460432
 -0.30214995420054341
 0
 0.76966569919546901
 -0.022904667767119073
 0.63803611784633951
 0
 -14.312307849363005
 12.794462353863416
 -19.825909297949121
 1
 0.41993452570046913
 -0.54334514901111397
 -0.72693262629408273
 0
 0.29192434297741848
 0.83928073130755021
 -0.45868075175776274
 0
 0.85932250761976692
 -0.019593445382418515
 0.51105863146621577
 0
 -15.153668196211012
 12.537965125172413
 -18.730343103517413
 1
 0.31408036321692406
 -0.60349616188821353
 -0.73290238642517769
 0
 0.32026925759854441
 0.79406590776544572
 -0.5166110110730483
 0
 0.89374556115194392
 -0.072468729192907755
 0.44268177646065665
 0
 -15.365483169114352
 12.995801302936183
 -17.698658420509418
 1
 0.54126970411946973
